  0.5-6e-07-0.09    0    0-6e-07-0.03-0.04    0    0-0.09-0.04-0.04    0    0    0    0    0    0    0    0    0    0    0    0
-6e-07  0.1-6e-07    0    0-0.030.006-0.03    0    0-0.04-0.01-0.04    0    0    0    0    0    0    0    0    0    0    0    0
-0.09-6e-07    1-6e-07-0.09-0.04-0.03-1e-06-0.03-0.04-0.04-0.04 -0.2-0.04-0.04    0    0    0    0    0    0    0    0    0    0
    0    0-6e-07  0.1-6e-07    0    0-0.030.006-0.03    0    0-0.04-0.01-0.04    0    0    0    0    0    0    0    0    0    0
    0    0-0.09-6e-07  0.5    0    0-0.04-0.03-6e-07    0    0-0.04-0.04-0.09    0    0    0    0    0    0    0    0    0    0
-6e-07-0.03-0.04    0    0  0.10.006-0.01    0    0-6e-07-0.03-0.04    0    0    0    0    0    0    0    0    0    0    0    0
-0.030.006-0.03    0    00.006 0.020.006    0    0-0.030.006-0.03    0    0    0    0    0    0    0    0    0    0    0    0
-0.04-0.03-1e-06-0.03-0.04-0.010.006  0.20.006-0.01-0.04-0.03-1e-06-0.03-0.04    0    0    0    0    0    0    0    0    0    0
    0    0-0.030.006-0.03    0    00.006 0.020.006    0    0-0.030.006-0.03    0    0    0    0    0    0    0    0    0    0
    0    0-0.04-0.03-6e-07    0    0-0.010.006  0.1    0    0-0.04-0.03-6e-07    0    0    0    0    0    0    0    0    0    0
-0.09-0.04-0.04    0    0-6e-07-0.03-0.04    0    0    1-1e-06 -0.2    0    0-6e-07-0.03-0.04    0    0-0.09-0.04-0.04    0    0
-0.04-0.01-0.04    0    0-0.030.006-0.03    0    0-1e-06  0.2-1e-06    0    0-0.030.006-0.03    0    0-0.04-0.01-0.04    0    0
-0.04-0.04 -0.2-0.04-0.04-0.04-0.03-1e-06-0.03-0.04 -0.2-1e-06    2-1e-06 -0.2-0.04-0.03-1e-06-0.03-0.04-0.04-0.04 -0.2-0.04-0.04
    0    0-0.04-0.01-0.04    0    0-0.030.006-0.03    0    0-1e-06  0.2-1e-06    0    0-0.030.006-0.03    0    0-0.04-0.01-0.04
    0    0-0.04-0.04-0.09    0    0-0.04-0.03-6e-07    0    0 -0.2-1e-06    1    0    0-0.04-0.03-6e-07    0    0-0.04-0.04-0.09
    0    0    0    0    0    0    0    0    0    0-6e-07-0.03-0.04    0    0  0.10.006-0.01    0    0-6e-07-0.03-0.04    0    0
    0    0    0    0    0    0    0    0    0    0-0.030.006-0.03    0    00.006 0.020.006    0    0-0.030.006-0.03    0    0
    0    0    0    0    0    0    0    0    0    0-0.04-0.03-1e-06-0.03-0.04-0.010.006  0.20.006-0.01-0.04-0.03-1e-06-0.03-0.04
    0    0    0    0    0    0    0    0    0    0    0    0-0.030.006-0.03    0    00.006 0.020.006    0    0-0.030.006-0.03
    0    0    0    0    0    0    0    0    0    0    0    0-0.04-0.03-6e-07    0    0-0.010.006  0.1    0    0-0.04-0.03-6e-07
    0    0    0    0    0    0    0    0    0    0-0.09-0.04-0.04    0    0-6e-07-0.03-0.04    0    0  0.5-6e-07-0.09    0    0
    0    0    0    0    0    0    0    0    0    0-0.04-0.01-0.04    0    0-0.030.006-0.03    0    0-6e-07  0.1-6e-07    0    0
    0    0    0    0    0    0    0    0    0    0-0.04-0.04 -0.2-0.04-0.04-0.04-0.03-1e-06-0.03-0.04-0.09-6e-07    1-6e-07-0.09
    0    0    0    0    0    0    0    0    0    0    0    0-0.04-0.01-0.04    0    0-0.030.006-0.03    0    0-6e-07  0.1-6e-07
    0    0    0    0    0    0    0    0    0    0    0    0-0.04-0.04-0.09    0    0-0.04-0.03-6e-07    0    0-0.09-6e-07  0.5
