------------
0.533 0.000 0.000             0.000 0.000 0.000             0.000 0.000 0.000                                                                         
0.000 0.111 0.000             0.000 0.000 0.000             0.000 0.000 0.000                                                                         
0.000 0.000 1.067 0.000 0.000 0.000 0.000 0.000 0.000 0.000 0.000 0.000 0.000 0.000 0.000                                                             
            0.000 0.111 0.000             0.000 0.000 0.000             0.000 0.000 0.000                                                             
            0.000 0.000 0.533             0.000 0.000 0.000             0.000 0.000 0.000                                                             
0.000 0.000 0.000             0.111 0.000 0.000             0.000 0.000 0.000                                                                         
0.000 0.000 0.000             0.000 0.022 0.006             0.000 0.006 -0.033                                                                         
0.000 0.000 0.000 0.000 0.000 0.000 0.006 0.222 0.006 0.000 0.000 -0.033 -0.000 -0.033 0.000                                                             
            0.000 0.000 0.000             0.006 0.022 0.000             -0.033 0.006 0.000                                                             
            0.000 0.000 0.000             0.000 0.000 0.111             0.000 0.000 0.000                                                             
0.000 0.000 0.000             0.000 0.000 0.000             1.067 0.000 0.000             0.000 0.000 0.000             0.000 0.000 0.000             
0.000 0.000 0.000             0.000 0.006 -0.033             0.000 0.222 -0.000             0.000 0.006 -0.033             0.000 0.000 0.000             
0.000 0.000 0.000 0.000 0.000 0.000 -0.033 -0.000 -0.033 0.000 0.000 -0.000 2.133 -0.000 0.000 0.000 -0.033 -0.000 -0.033 0.000 0.000 0.000 0.000 0.000 0.000 
            0.000 0.000 0.000             -0.033 0.006 0.000             -0.000 0.222 0.000             -0.033 0.006 0.000             0.000 0.000 0.000 
            0.000 0.000 0.000             0.000 0.000 0.000             0.000 0.000 1.067             0.000 0.000 0.000             0.000 0.000 0.000 
                                                            0.000 0.000 0.000             0.111 0.000 0.000             0.000 0.000 0.000             
                                                            0.000 0.006 -0.033             0.000 0.022 0.006             0.000 0.000 0.000             
                                                            0.000 -0.033 -0.000 -0.033 0.000 0.000 0.006 0.222 0.006 0.000 0.000 0.000 0.000 0.000 0.000 
                                                                        -0.033 0.006 0.000             0.006 0.022 0.000             0.000 0.000 0.000 
                                                                        0.000 0.000 0.000             0.000 0.000 0.111             0.000 0.000 0.000 
                                                            0.000 0.000 0.000             0.000 0.000 0.000             0.533 0.000 0.000             
                                                            0.000 0.000 0.000             0.000 0.000 0.000             0.000 0.111 0.000             
                                                            0.000 0.000 0.000 0.000 0.000 0.000 0.000 0.000 0.000 0.000 0.000 0.000 1.067 0.000 0.000 
                                                                        0.000 0.000 0.000             0.000 0.000 0.000             0.000 0.111 0.000 
                                                                        0.000 0.000 0.000             0.000 0.000 0.000             0.000 0.000 0.533 
------------
0
0
0
0
0
0
0.178216
2.78475e-17
-0.178216
-1.92435e-17
0
0.947236
1.96527e-16
-0.947236
-2.61259e-16
0
0.178216
6.37753e-17
-0.178216
-1.92435e-17
0
1.36072e-17
1.59975e-32
-1.36072e-17
-1.59975e-32
------------
0
0
0
0
0
0
7.04211
1.66533e-16
-7.04211
-1.73191e-16
0
3.91045
1.13798e-15
-3.91045
-2.44929e-16
0
7.04211
4.996e-16
-7.04211
-1.73191e-16
0
1.22465e-16
1.49976e-32
-1.22465e-16
-2.99952e-32
